# Configuracion:
# Concentracion g/m^3_=_10000.0
# C_Vs_to_Am_M_A/Vsm_=_116720831517.84952
# pendiente_HvsI_1/m_=_3716.3
# ordenada_HvsI_A/m_=_1297.0
# frecuencia_ref_Hz_=_268486.51698971086
# 
Resultados:
# tau_ns_=_(4.78+/-0.16)e+01
# dphi_rad_=_6.36+/-0.00
# SAR_W/g_=_57.79+/-1.91
# Hc_kA/m_=_1.78+/-0.03
# Mr_A/m_=_50.30+/-0.89
# Magnetizacion_max_emu/g_=_35.03+/-0.12
# Suceptibilidad_a_M=0_=_(2.909+/-0.012)e-02

Nombre_archivo	Time_m_(s)	Temperatura_(ºC)	Mr_(A/m)	Hc_(kA/m)	Campo_max_(A/m)	Mag_max_(A/m)	f0	mag0	dphi0	SAR_(W/g)	Tau_(ns)	N	xi_M_0
265kHz_045dA_100Mss_bobN1FG20007.txt		20.00	48.67	1.73	18020.35	349.38	2.685164e+05	1.211545e+01	6.360015e+00	55.00	45.632105	4469	2.890e-02
265kHz_045dA_100Mss_bobN1FG20008.txt		20.00	50.93	1.80	18020.35	350.54	2.685164e+05	1.217169e+01	6.366117e+00	59.63	49.271923	4469	2.904e-02
265kHz_045dA_100Mss_bobN1FG20009.txt		20.00	49.06	1.74	18020.35	353.16	2.685164e+05	1.221464e+01	6.358719e+00	54.52	44.859364	4469	2.905e-02
265kHz_045dA_100Mss_bobN1FG20010.txt		20.00	51.95	1.83	18020.35	350.55	2.685164e+05	1.219729e+01	6.367983e+00	61.10	50.386749	4469	2.926e-02
265kHz_045dA_100Mss_bobN1FG20011.txt		20.00	51.50	1.82	18020.35	350.52	2.685164e+05	1.218734e+01	6.366208e+00	59.77	49.326449	4469	2.921e-02
265kHz_045dA_100Mss_bobN1FG20012.txt		20.00	51.17	1.80	18020.35	351.34	2.685164e+05	1.221896e+01	6.366736e+00	60.31	49.641785	4469	2.922e-02
265kHz_045dA_100Mss_bobN1FG20013.txt		20.00	50.84	1.80	18020.35	349.24	2.685164e+05	1.216025e+01	6.366003e+00	59.49	49.204434	4469	2.906e-02
265kHz_045dA_100Mss_bobN1FG20014.txt		20.00	51.65	1.82	18020.35	350.20	2.685164e+05	1.219272e+01	6.367433e+00	60.68	50.058614	4469	2.925e-02
265kHz_045dA_100Mss_bobN1FG20015.txt		20.00	49.42	1.74	18020.35	349.84	2.684564e+05	1.213820e+01	6.360033e+00	55.10	45.643200	4470	2.911e-02
265kHz_045dA_100Mss_bobN1FG20016.txt		20.00	51.04	1.81	18020.35	348.78	2.685164e+05	1.213267e+01	6.365966e+00	59.33	49.183052	4469	2.900e-02
265kHz_045dA_100Mss_bobN1FG20017.txt		20.00	50.85	1.80	18020.35	350.97	2.685164e+05	1.220384e+01	6.364306e+00	58.49	48.192820	4469	2.924e-02
265kHz_045dA_100Mss_bobN1FG20018.txt		20.00	49.75	1.77	18020.35	348.91	2.684564e+05	1.211843e+01	6.361181e+00	55.83	46.328252	4470	2.894e-02
265kHz_045dA_100Mss_bobN1FG20019.txt		20.00	50.00	1.77	18020.35	350.78	2.684564e+05	1.218751e+01	6.362535e+00	57.12	47.137037	4470	2.904e-02
265kHz_045dA_100Mss_bobN1FG20020.txt		20.00	50.99	1.80	18020.35	351.06	2.685164e+05	1.218021e+01	6.364848e+00	58.76	48.516268	4469	2.918e-02
265kHz_045dA_100Mss_bobN1FG20021.txt		20.00	48.83	1.73	18020.35	350.67	2.684564e+05	1.216228e+01	6.359531e+00	54.85	45.344857	4470	2.910e-02
265kHz_045dA_100Mss_bobN1FG20022.txt		20.00	49.60	1.75	18020.35	351.39	2.684564e+05	1.219221e+01	6.361727e+00	56.57	46.654068	4470	2.911e-02
265kHz_045dA_100Mss_bobN1FG20023.txt		20.00	50.47	1.79	18020.35	349.86	2.685164e+05	1.214683e+01	6.362903e+00	57.21	47.355542	4469	2.920e-02
265kHz_045dA_100Mss_bobN1FG20024.txt		20.00	49.56	1.74	18020.35	352.12	2.685164e+05	1.223092e+01	6.361647e+00	56.70	46.607096	4469	2.925e-02
265kHz_045dA_100Mss_bobN1FG20025.txt		20.00	50.46	1.79	18020.35	348.08	2.684564e+05	1.211285e+01	6.364967e+00	58.51	48.588123	4470	2.893e-02
265kHz_045dA_100Mss_bobN1FG20026.txt		20.00	49.83	1.77	18020.35	350.87	2.685164e+05	1.218046e+01	6.362550e+00	57.11	47.146206	4469	2.906e-02
265kHz_045dA_100Mss_bobN1FG20027.txt		20.00	50.66	1.79	18020.35	352.27	2.684564e+05	1.221279e+01	6.363939e+00	58.25	47.974368	4470	2.916e-02
265kHz_045dA_100Mss_bobN1FG20028.txt		20.00	50.51	1.79	18020.35	351.44	2.685164e+05	1.219168e+01	6.363423e+00	57.79	47.666948	4469	2.908e-02
265kHz_045dA_100Mss_bobN1FG20029.txt		20.00	50.43	1.78	18020.35	349.87	2.685164e+05	1.215937e+01	6.363384e+00	57.61	47.643660	4469	2.920e-02
265kHz_045dA_100Mss_bobN1FG20030.txt		20.00	49.42	1.75	18020.35	349.18	2.685164e+05	1.212255e+01	6.361437e+00	56.05	46.482586	4469	2.898e-02
265kHz_045dA_100Mss_bobN1FG20031.txt		20.00	51.01	1.81	18020.35	349.46	2.685164e+05	1.215905e+01	6.365627e+00	59.22	48.983215	4469	2.914e-02
265kHz_045dA_100Mss_bobN1FG20032.txt		20.00	50.99	1.82	18020.35	348.44	2.685164e+05	1.212472e+01	6.366999e+00	60.03	49.802381	4469	2.889e-02
265kHz_045dA_100Mss_bobN1FG20033.txt		20.00	50.15	1.78	18020.35	349.75	2.685164e+05	1.214660e+01	6.364325e+00	58.23	48.205979	4469	2.906e-02
265kHz_045dA_100Mss_bobN1FG20034.txt		20.00	48.74	1.74	18020.35	349.44	2.685164e+05	1.211002e+01	6.359641e+00	54.71	45.411636	4469	2.885e-02
